228 1199991691, 8111911191 79919719,

9199719189) 68, 17. 118, 19. β111ζ 19 151, 19 1β1β199711·; 5,131 11.141,5.143,,
119,31.181,17 1991191165, 15,181,6.17 34*. 144, 2. 154, 11. 156,
ἀφ6ο6οὶξωό47, 68616 632361'66636.. . 151, 1 ,79666664364 152, 35. 67.
ἄφραστος. . . . 71, 7 β1β 191 117, 17 1111199191· 1--11191911111 13, 35 16,
ἄφυκτος . , . .139, 19 9199), 20. 78, 31, 145, 19. 169,
6791 ..... 169, 35 βίβλος 139151819111111991. 11.,17,1 20.
1717991199.. 108, 31 1491711191178 11991917· 7111691434 1117 6416.
1179197199. . 111,16.18 19111 65, 9 661811 14 19
6791919199 57 157 77 13 β,1947, ,,14 13,15,111,997,17·68,171, (1181111113 06
(1761991611111.87,1611111691641718819117 κτ1ζω1. 69,1579, 1116
,193,1119681961.198,187 899199198171631731 73 71, 18 72, 3 ,,11. 15 (6
1117979973 1.87,34. 119, 3917313191191911118991 1981997198, 81171119
31. 131, 15, 133, 1411911- 6 1191179181 ,911117Ι 11

767, 13 βλασφημέω, 1, 18. 74391 (7111711191 1719971111. ,

βλασφημία. . ,,1 1419, 7311. 78, 19 87, 36.
1β119199117719964, 12. 8414. 99, 14 19311. 14. 24.
β91899 154 534 1196111961. 191, 35 1 196,16. 114, 3 11511.
155721Μ8β911913,39,64,9.83,37 16.11,6,1311,’8 81111199
βαθύτερον. . ,14515 117,11 111911919991911 71117811 9771179189
βα1α,1799791 . ,,17 16 111, 17 191781799171.1 177,11171161111 19.117,5.
βαπτίζω,, ,,161 9 16311· 118,17,131,7. 145418 7.119,8.111,5.141,7.
7191111917ςὸ 81,.6 8351711791),151,91.415,115*.541.
,.13 195,1. 7β91748,191711791913167,18417.
β9195βα7ος. . 3, . 97,16Ι 131,.134181. 71117993,,66,,,,17 6816. 91,
βα1ἷ18111199115.’0 2 (βεβασα 666663166, 1311Ξ-πα8ρε16ᾣ89 71663769 26⁵5. 71, 8 1196
βασιλίεαό, ,1,1 14 38431,1α7111ςν73115,1,1711.159,,7 ,71919731963172 28 9278
,3,3,1,5,39,3,1,,79,1,91,713,,7,,9 11116919 91 vg ,7 ,397930 7117611, ,1691239137
166, 5 1691917918. β99171911. 95, 27. 96, 31, 31 19111ό99171991
171,,1.19.171,161β11917β99179197191. , ,,181 31 711171136613, 68,11.
19111111, 17 31.341,7311 βραχύς 89, 13. 144 9 174, 199, 9 19519,
174, 19,.175,1. 2 56= 111819 βραχέων 818771199713111191α1899111911
91 611³ 9111173 β991λεύο- μετὰ 5β991719138, 17. 51,7 vg} 73, 32). 74, 7111611
7111911 174,. ,19, 177, 7.1 3,7,619.11β9971911; 6941 15,,9,11.
6. 9.1 1 1 191 ..... 1,11
1111ὸύ77119. 769, 109. 3ξ71156,β9911178141,51316111117·7197619369.. .1714,21
25 57,31.119,11.117,16.1 71111161 1179179111 79 10, 18 1179119771119171.
119,4.171,1ο,174.16β9167ια ..... 117, 14 117, 15 14119199 ,9616
179, 19 1843. ,81961 βρῶσις ..... 169, 1 1191 7111811 143, 3ο. 33,
33,16,β196’19191961β1,11.ὀς. 5,19.,164,14 14,4,6.147,13 1πῆ
5⁶ ¹9 1⁶92ss 1131 116115, 5-30 5111111111 11191111 111
βασί711199,591,15(1,91β.1,, 1,7191119114,1711,1“1171111171
99111911 6,3,,31 51, , 14 17, 19 κα 91111
l95630 94,1118111999111791,1197191. . , , 156, 3 7191719119, 111,6 , 6,φ17911.4
195,33.196,131-βα111 7919199. ,,91 19 779919611999 151,1
1199111911 vg} 13334177111919997191.5,16.,71,11 7191919719.,4,1.157,18
111, 3Ι 171, 19 (19117111911939917117191177113911319184517
8266) 175, 16 178,11 71, 141, 691* 7415* 5,15.16,13.66,3.96,4
34179, 3.181,19.111991’171.74,11 1119919·Ι 1199 71919711993191 117,
1-1 8991119119158,4., 11991.83,51111991111799911 131. 119, 11. 15 131, 11
619. 22. 18. 61 15 85, 35. 91,11119117131,3.3 141, 16 1711·-
βασιλ1ὐω 7491743 11717111 141.151.199,11ἷ9,111171
34175361611 178,9,71119’97191131.15.391 164,· 7911717111 16, 15 1119971711
1,79 12. 1911199 πατρος 1161131, 19 56341111-
βασ11.,11τός 58, 8 11161197, 71171119 8, 17 66, 16 67,7 111791691111161 81891611,
66, 1 (6663 vgl. 14831. 8. 11. 68, 9 19, 79, 21. 5,8 15 (Eusebs 191 61,
71, 31 11117194), 181, 17. 71, 19. 36 8517193,17,1.591111111111111118,31
β111191919.. . . 86, 5 33, 109,28. 117, 15 111,119111111111111

 

