240 προφορά. Eusebius συμμετρία,

74. 75. 747, 6. 776, 7. 7.( 741. 77. 746, 1323 147, 434140440711034440.
178,11. προφητικῶς 86,· 737378. 748,74. 149, ζῶσα καὶ 6677666 771.
74. 7. 756, 7. 37. 34. 151, 71 739, 78) ),9 31. 101, 8.
01088010. 54⁶2, 000 00 ῗξξ 5070870175 5838] {4⁵:31} ,0830155158
πρρφσρικός 77 ,77 (167617 765, 611. 911. 18. 166, 124 μοῦ 663616 θεοῦ 767647 40·
907 676117676ΐο τις) u. 771. 324. 167, 4, 77) 49, 7(·61 6767 κτλ.) 78 (4 670777)
unter λόγος. σάρκες 7 1, 77, 14. 81,277. οὖσα τῷ 6191 766 79766
προφωνέω . . , ,37, 74 56, 77 (3676017677 τῆς 771. 140, 1. 4. 744, 37),
πρόχειρος 8, 37 76, 77 6771. 78, 36). 65. 6 (776776ι 79 (ἕξις ἐν τῷ 4443 771
17,.4 769,.7 προχείρως. σᾴρκα 771. 83,4. 6). 7 2487.142,14 19 (4 7766·
77, 76. 149, 7 (4‘ ἐκ τῆς 6716976966) 6166). 745, 73 75. 756,
πρσχὲσμαι. . , ,63, 76 766) 742, 77 (γεώδης). 87, 7 1,73 7. 779, 37.
319001934401.. 747, 76 34 (αὐτόμριτσς κινεῖται 669609 76 13 (6176711116
1141030444344 74, 74 (766 771 848,107.105,13(014 77671). 8 0094103034=
σωτῆρος). γὰρ 4 0. ἐκ 766 6676766 1169111551 4· 147 27
πρωτόπλαστσς, . 743, 34 441474'48477 1645, 20 154.1·5 1591
1140344301103 6, 4 (76167775 (καταλείπεται ρημος σπέρμα.. .114, 17. 37
1111081811 185- 32 3 52.3 τοῦ 160766 771. 766, 76 σπερματικός, 114, 76
96, 29u.0 6) 167, 10. 73. 769, 78) 767, στενοχωρέω 47, 77. 776, 77.
πρωτότυιισν. , ,766, 14 7=777744 111611161-)111596115····· 6, 74
71518158 · ’ ’ ·70 27 76 (σ. 776161μα 771. 768, 6771777667 . . ,58 76
78, 3434=14444710103104 1121661 · · - - 1.17
611976οι) 769, 711.) 1684 στοιχεῖον 777, 77. 743, 36
ῥεῖθρον , . . . 67, 76 79 (ἢν περίκειμαι) 77115717767ρα).
44714121, 11 (7761676776) 7076777176 ,ἔρημ63 προῦπ- 5820615 175 12 5681188813·
47143103. . .· . 30, 37 ἄρχω 1431137.
404444. ,76 79. 149, 8 ,4414444 76, 75 (ἑρμηνεία στόμα 1346, 84444 σε, 7761
157187 1112117161151 11185 5 8184117177)
27. 27)- σαφήνεια, . . ,767, 73 677697) 76, 37 (167767),
α ...... 766, 73 σέβρς 765, 7911771 πρὸς, 0374717440414 72, 77 (767

44⁰4· .72 ¹84· 411031224 77077 114144107.172,21.4 ἡμῖν συνεγνωσμένα 771

ω’ννιμι 775, 10 (ἐρρωμ- 774, 5. 1,104 7)
νος.) 1617176 4, 34. 64, 30. 69, 77. 007744111474011,15 (1117767117
: 104 24 195 33 1118 10 171 2 29 12 33 43 18
. 117,16 777, 35. 777, 77. 58, 7. 28. 60, 10. 67, 77.
6671757767. . . 127, 73 779, 244. 734, 373461'316' 76, 3 78, 24 182,0 4)
σαρκόω 63, 76. 6417 102. 766 6166). 79, 4(ἐκκλησισστικσ’)0. 78,
432. 763, 7. 777, 76 σεμνύνομαι 64, 3 78, 25 (1566667771 37, 67.
σάρξ 6, 7(σσὶρκ607 ἀναλσμ- 96, 10. 766, 77. 733, 5 συγγραφεύς 9, 5* Ἰ(ὁ 340-
,51677707 771. 75, 32, 5 13 σημ677777677717776716764 4766763717 56,).9 58, 75.
33, 27. 43, 77 444,14 5¹74 semer: 773, 36. 769, 35, 88,2z 787404131.118,.20)
6 ⁵1⁷7· 001, 05, 0,. 00, 8. (,,1011110100850611 71..) 1311801151 ῑ ῑ 3 ¹73 ἑξ
,5 105 26 122,6 ,,,67777 91, 14. 109, 6 6676967716) 8, 27. 79. 32.
736, 73 744, 77. 746, 11.' 6776777) 37, 870101114 παρα 30, 15. 32. 31, 8 64, 73
148,1.167,22.168,37 6766767771778, 1. ¹53=7⁶ 89, 23.
75, 79 7-'4343103 τοῦ 6767760767, 20. 4, 16. 5,.33 004094431401. . . . 7, 6
θεοῦ 1314 45 7 49.6-“677177ρ6κ6ρ616773,4.777,,66116767). . 121, 77 u. 6.
16. 765, 71. 41.) 43, 74 9 75. 778, 5. 661177766ρ76358, 73 60,1.
(scil. τοῦ σίωτῆρσς 17166771.ηρρκᾰρ1763.,,779 74766116776μ63 736, 78 (17130777
76 44 75 37 45478 36 σκοπσς 8, 78. 46, 8. 65, 73. 777631.
46,10 47, 7755. 7411. 77, 1717ςάληθε167771. 86, 197. 7403447801‘3101 775, 711. (συμβε·
771. 48, 7ο. 49, 76. 5ο,6. 1481, 31. *7844443134 14. 139, 5).
57, 76. 57, 6. 56. 8. 13. 041431301 18, 8 16. 766 771, συμβάλλω 67, 77. 776, 78.
57673 77 58,7, 65, 56, 75), · , 777 74
11. 791, 77,7. 82,17. 88,40741314949.73,1448. 757, 73 σῦμβᾶμα. . . · 139, 76
11. 731. 77. 96, 14. 19. 21. 00440 73, 7376 ,79 1866· συμμαρτυρέω, ,766 75
91, 811. 93, 2 5, 765, 12. 67677776354 4,5 37. 46, 7, συμμετρία 37, 76 (λόγου
134 5 7 175 5 ¹2 6120 13 7511181116 95 1719515185111

 

